# t MSD MSD_a MSD_b MSD_c MSCD
0 0.0 0.0 0.0 0.0 0.0
300000 85.53011172184728 11.959989438271508 30.132429899864896 43.43769238371088 67.93439235088177
600000 136.11413476924648 14.290003530473877 44.80060518426598 77.02352605450665 144.46072253256276
900000 183.17228858246312 13.815796636749013 53.10580329538651 116.25068865032767 183.77961723498228
1200000 249.31749595934681 15.381373793740561 69.26771183243999 164.6684103331662 272.1952889054161
1500000 307.21692536954293 20.389286157064078 74.94650671402697 211.88113249845188 366.3437463174445
1800000 368.15377617033727 20.666310394018847 90.00363903096111 257.48382674535713 418.868427275848
2100000 433.9296668625511 23.682206458566185 100.24926350349853 309.99819690048616 543.4768991554437
2400000 477.9355260103442 26.529905331196677 109.94081434083712 341.4648063383104 742.2763097142159
2700000 557.7471573212607 29.17640655696925 128.93858605907263 399.632164705219 870.5255226298336
3000000 623.6128681300446 29.38916973203419 129.15037578931097 465.0733226086992 981.1737067540225
3300000 695.8450560101728 32.52231288526132 143.94326893353482 519.3794741913769 1125.1718994278647
3600000 758.350339108893 33.23092409331901 154.14583708065211 570.9735779349222 1193.7460462509073
3900000 806.0159526213079 33.78289919679056 151.85698189633683 620.3760715281804 1261.5307772382594
4200000 870.1738422828076 38.25751272748952 164.5395643660059 667.3767651893123 1319.838196151939
