# t MSD MSD_a MSD_b MSD_c MSCD
0 0.0 0.0 0.0 0.0 0.0
200000 78.56752681280389 19.227578832245136 27.199942821998206 32.14000515856049 93.6085163348868
400000 133.9511256881049 32.47568222496364 47.996183745995936 53.47925971714535 160.40178308418442
600000 186.64694479512033 44.234098039852796 68.37208200402107 74.04076475124637 224.041571884074
800000 242.6686530624746 56.240130002109154 89.22771816372584 97.20080489663941 290.7228719041793
1000000 300.3768479716514 69.57462513095818 110.54341672989129 120.25880611080204 365.6153354765094
1200000 362.99763508088944 81.42387781527255 134.6910922949348 146.88266497068244 448.8219081880366
1400000 428.2915943231701 94.03040782153938 158.38487332748173 175.8763131741486 508.8492032541439
1600000 500.8862906229709 107.70274729947273 185.08228371732503 208.10125960617356 586.3819419425386
1800000 567.5840128509404 117.49830748008758 211.81642819509383 238.26927717575887 663.2730247726155
2000000 637.6495194581704 129.116996459611 240.92461572596252 267.60790727259683 759.5251816849365
2200000 712.4383969438499 141.23120847699985 271.01567870650695 300.1915097603429 866.4442489665288
2400000 782.3636008762159 154.05630432354914 300.8628575808928 327.44443897177337 946.0585121687096
2600000 851.7501802992666 166.21592476950536 326.7022325073783 358.83202302238266 1026.4825331512327
2800000 923.1288974664617 179.52024364212969 354.0844048711997 389.5242489531327 1114.7647488819446
3000000 992.2794075829001 193.93058527600235 380.2142584977418 418.1345638091562 1176.7512929989741
3200000 1065.2605381754267 207.30047835070536 408.7876592122712 449.1724006124494 1238.2097517960972
3400000 1136.6846580826607 221.76738753758653 437.4967397918835 477.42053075319046 1305.4006973821045
3600000 1208.8707527216438 235.35379034528236 466.68543780079006 506.83152457557173 1378.5854551626942
3800000 1285.2140634881748 250.93115259706693 496.88632269461516 537.3965881964917 1458.6241516612688
4000000 1362.574259582509 268.26247430718166 529.8213917610041 564.4903935143228 1538.0300448196804
